[gd_scene load_steps=3 format=2]

[ext_resource path="res://materials/bed_room/black.material" type="Material" id=1]

[sub_resource type="CubeMesh" id=1]
size = Vector3( 6, 30, 6 )

[node name="fake scenery" type="Spatial"]
transform = Transform( 1, 0, 0, 0, 1, 0, 0, 0, 1, -11.9168, 0, -5.28268 )

[node name="MeshInstance" type="MeshInstance" parent="."]
transform = Transform( 1, 0, 0, 0, 1, 0, 0, 0, 1, -6.7161, -3.41892, 0 )
mesh = SubResource( 1 )
material/0 = ExtResource( 1 )

[node name="MeshInstance2" type="MeshInstance" parent="."]
transform = Transform( 1, 0, 0, 0, 1, 0, 0, 0, 1, -12.459, -7.49345, 5.57511 )
mesh = SubResource( 1 )
material/0 = ExtResource( 1 )

[node name="MeshInstance3" type="MeshInstance" parent="."]
transform = Transform( 1, 0, 0, 0, 1, 0, 0, 0, 1, -6.69538, -14.1102, 14.4731 )
mesh = SubResource( 1 )
material/0 = ExtResource( 1 )

[node name="MeshInstance4" type="MeshInstance" parent="."]
transform = Transform( 1, 0, 0, 0, 1, 0, 0, 0, 1, -5.13727, -7.97393, -3.6406 )
mesh = SubResource( 1 )
material/0 = ExtResource( 1 )

[node name="MeshInstance5" type="MeshInstance" parent="."]
transform = Transform( 1, 0, 0, 0, 1, 0, 0, 0, 1, -5.13727, -5.08112, -9.34468 )
mesh = SubResource( 1 )
material/0 = ExtResource( 1 )

[node name="MeshInstance6" type="MeshInstance" parent="."]
transform = Transform( 1, 0, 0, 0, 1, 0, 0, 0, 1, -10.3123, -5.08112, 9.79626 )
mesh = SubResource( 1 )
material/0 = ExtResource( 1 )

[node name="MeshInstance7" type="MeshInstance" parent="."]
transform = Transform( 0.665895, 0, 0.746046, 0, 1, 0, -0.746046, 0, 0.665895, -4.13543, -3.41892, 23.178 )
mesh = SubResource( 1 )
material/0 = ExtResource( 1 )

[node name="MeshInstance8" type="MeshInstance" parent="."]
transform = Transform( 0.665895, 0, 0.746046, 0, 1, 0, -0.746046, 0, 0.665895, -3.80029, -7.49345, 31.1749 )
mesh = SubResource( 1 )
material/0 = ExtResource( 1 )

[node name="MeshInstance9" type="MeshInstance" parent="."]
transform = Transform( 0.665895, 0, 0.746046, 0, 1, 0, -0.746046, 0, 0.665895, 6.67593, -14.1102, 32.8 )
mesh = SubResource( 1 )
material/0 = ExtResource( 1 )

[node name="MeshInstance10" type="MeshInstance" parent="."]
transform = Transform( 0.665895, 0, 0.746046, 0, 1, 0, -0.746046, 0, 0.665895, -5.80015, -7.97393, 19.5758 )
mesh = SubResource( 1 )
material/0 = ExtResource( 1 )

[node name="MeshInstance11" type="MeshInstance" parent="."]
transform = Transform( 0.665895, 0, 0.746046, 0, 1, 0, -0.746046, 0, 0.665895, -10.0557, -5.08112, 15.7775 )
mesh = SubResource( 1 )
material/0 = ExtResource( 1 )

[node name="MeshInstance12" type="MeshInstance" parent="."]
transform = Transform( 0.665895, 0, 0.746046, 0, 1, 0, -0.746046, 0, 0.665895, 0.77836, -5.08112, 32.3842 )
mesh = SubResource( 1 )
material/0 = ExtResource( 1 )

[node name="MeshInstance13" type="MeshInstance" parent="."]
transform = Transform( -0.689063, 0, 0.724701, 0, 1, 0, -0.724701, 0, -0.689063, 5.79192, -3.41892, -16.0812 )
mesh = SubResource( 1 )
material/0 = ExtResource( 1 )

[node name="MeshInstance14" type="MeshInstance" parent="."]
transform = Transform( -0.689063, 0, 0.724701, 0, 1, 0, -0.724701, 0, -0.689063, 13.7894, -7.49345, -15.761 )
mesh = SubResource( 1 )
material/0 = ExtResource( 1 )

[node name="MeshInstance15" type="MeshInstance" parent="."]
transform = Transform( -0.689063, 0, 0.724701, 0, 1, 0, -0.724701, 0, -0.689063, 16.2663, 5.1627, -26.0691 )
mesh = SubResource( 1 )
material/0 = ExtResource( 1 )

[node name="MeshInstance16" type="MeshInstance" parent="."]
transform = Transform( -0.689063, 0, 0.724701, 0, 1, 0, -0.724701, 0, -0.689063, 2.06567, -7.97393, -14.7168 )
mesh = SubResource( 1 )
material/0 = ExtResource( 1 )

[node name="MeshInstance17" type="MeshInstance" parent="."]
transform = Transform( -0.689063, 0, 0.724701, 0, 1, 0, -0.724701, 0, -0.689063, -2.06809, -5.08112, -10.7863 )
mesh = SubResource( 1 )
material/0 = ExtResource( 1 )

[node name="MeshInstance18" type="MeshInstance" parent="."]
transform = Transform( -0.689063, 0, 0.724701, 0, 1, 0, -0.724701, 0, -0.689063, 15.3693, -5.08112, -20.2253 )
mesh = SubResource( 1 )
material/0 = ExtResource( 1 )
